0.827289
0.879194
0.898566
0.933402
0.838234
0.888774
0.851673
0.925760
0.905821
0.874186
0.869174
0.898235
0.865350
0.926838
0.902758
0.906342
0.898466
0.861197
0.883034
0.892393
0.877258
0.890801
0.861938
0.886416
0.856789
0.874251
0.906811
0.906582
0.889478
0.900939
0.996126
0.915794
0.939959
0.927977
0.975046
0.952911
0.875715
0.876208
0.901337
0.875009
1.000678
0.870758
0.894571
0.899084
0.879647
0.901013
0.942964
0.918772
0.879893
0.919191
0.884505
0.872239
1.041848
0.921040
0.885900
0.953551
0.980035
0.999662
0.910834
0.910195
0.904369
0.950555
0.907249
0.924472
0.899019
0.945932
0.909833
0.981987
0.931236
0.949413
0.946985
0.986411
0.937071
1.025120
0.915709
0.895797
0.898548
0.895421
0.987501
0.998816
0.954890
0.911516
0.907470
0.966384
1.056325
0.947278
0.910084
0.913058
0.943580
1.219502
0.962509
0.934836
0.957897
0.948500
0.956345
1.028321
0.901079
0.973139
1.009884
0.919692
