0.482291
0.469877
0.455109
0.479446
0.450301
0.472489
0.464183
0.472318
0.474098
0.461373
0.478883
0.488563
0.485009
0.457907
0.471476
0.485217
0.497997
0.491846
0.461645
0.500412
0.459244
0.499305
0.490372
0.463133
0.465494
0.485629
0.463453
0.486498
0.480684
0.453812
0.477034
0.461525
0.476676
0.489218
0.471625
0.462713
0.450317
0.494016
0.484289
0.490237
0.459129
0.487341
0.473537
0.478372
0.476623
0.489969
0.460411
0.476336
0.453605
0.460694
0.491841
0.462274
0.465402
0.459478
0.462025
0.455050
0.471939
0.463790
0.454491
0.471555
0.463261
0.459636
0.477466
0.466137
0.461906
0.475625
0.534223
0.477853
0.473463
0.458662
0.481035
0.498305
0.499479
0.463462
0.473943
0.465361
0.496013
0.510648
0.460850
0.486923
0.497166
0.462626
0.497591
0.489039
0.505665
0.532733
0.482212
0.514891
0.551638
0.531774
0.490585
0.548331
0.508640
0.508881
0.480887
0.549783
0.486496
0.495198
0.496653
0.473125
