0.625380
0.623776
0.658742
0.631893
0.628504
0.626651
0.630876
0.633576
0.641376
0.667657
0.635076
0.646103
0.657174
0.651579
0.649310
0.648936
0.647738
0.655370
0.634108
0.658081
0.637442
0.627058
0.651967
0.659053
0.635822
0.643083
0.655406
0.645033
0.641141
0.627163
0.637975
0.650997
0.662886
0.637093
0.726748
0.723453
0.750329
0.853991
0.685952
0.746523
0.686714
0.646231
0.686860
0.731423
0.882351
0.932635
0.801352
0.692133
0.750651
0.820238
0.747417
0.838935
0.757390
0.655902
0.678663
0.657243
0.710007
0.683826
0.665767
0.736391
0.669961
0.738583
0.693930
0.748597
0.704134
0.668419
0.670465
0.681633
0.675882
0.667964
0.684103
0.691920
0.664211
0.661070
0.681453
0.643952
0.678032
0.648899
0.681934
0.674082
0.660010
0.648573
0.699052
0.698630
0.673253
0.692670
0.638574
0.650132
0.668001
0.682075
0.645360
0.643556
0.735225
0.645706
0.693889
0.650116
0.651031
0.643440
0.660092
0.645466
