0.360276
0.344595
0.368554
0.342255
0.343438
0.413629
0.378108
0.378211
0.353697
0.336474
0.354216
0.351966
0.394474
0.400953
0.363518
0.379608
0.405950
0.366087
0.341924
0.402458
0.366740
0.364981
0.424006
0.419473
0.341643
0.370903
0.373121
0.340964
0.359059
0.387263
0.389019
0.395032
0.342785
0.365613
0.359043
0.359156
0.358914
0.388686
0.400863
0.350882
0.368050
0.369174
0.365540
0.381511
0.363069
0.341818
0.374010
0.363183
0.383889
0.368158
0.353160
0.352861
0.349691
0.369617
0.381290
0.368906
0.348127
0.347086
0.355360
0.347663
0.353324
0.369548
0.341807
0.376990
0.365337
0.348704
0.361980
0.358884
0.346385
0.375813
0.370447
0.371007
0.344995
0.348319
0.356482
0.335987
0.372370
0.343557
0.347913
0.342647
0.343959
0.346552
0.341573
0.405158
0.349188
0.368869
0.350331
0.346728
0.363850
0.359216
0.365658
0.358985
0.370284
0.369331
0.364760
0.363699
0.346025
0.365796
0.349396
0.374823
