1.738807
1.907856
1.810776
2.152926
1.902142
1.807095
2.027333
1.800117
2.119021
1.932244
1.806283
1.930539
1.787030
1.747685
1.945574
1.908114
2.055302
1.899092
1.820714
1.890580
1.858579
1.746423
1.766549
1.647918
1.536137
1.613811
1.595673
1.410796
1.516243
1.492934
1.370878
1.534237
1.644619
1.373526
1.387257
1.408017
1.375282
1.314638
1.377878
1.415766
1.305206
1.328753
1.343373
1.380833
1.341860
1.331747
1.400851
1.378666
1.392404
1.337124
1.386087
1.361264
1.353100
1.340067
1.407020
1.341770
1.373632
1.351055
1.376560
1.383283
1.384874
1.435651
1.375303
1.349714
1.387629
1.422927
1.435275
1.388583
1.417143
1.430425
1.455385
1.515686
1.417945
1.602796
1.523937
1.366141
1.630442
1.434991
1.474324
1.652951
1.553122
1.681864
1.756440
2.042073
1.783059
1.744030
1.771755
1.718372
1.730074
1.887828
2.001218
2.042878
2.177094
1.964818
1.805728
1.978910
5.108708
2.586164
3.010438
2.469736
