0.721266
0.689878
0.659674
0.601580
0.629000
0.574130
0.580950
0.623689
0.582020
0.593332
0.607832
0.570825
0.646784
0.593646
0.595601
0.596224
0.595028
0.587420
0.624708
0.590205
0.623895
0.651302
0.614070
0.674926
0.607359
0.594778
0.596422
0.644001
0.602505
0.592396
0.607124
0.599501
0.596952
0.602665
0.608605
0.607123
0.630404
0.604696
0.631676
0.588527
0.606401
0.624674
0.579855
0.581911
0.630058
0.636071
0.639357
0.596956
0.615209
0.614304
0.641025
0.603095
0.618652
0.632362
0.607704
0.636845
0.611945
0.611672
0.606831
0.608775
0.601801
0.609685
0.626661
0.599953
0.621110
0.612851
0.630488
0.618795
0.594759
0.622581
0.624667
0.602222
0.587822
0.609034
0.633602
0.582453
0.598490
0.596838
0.610618
0.602421
0.607555
0.601783
0.594548
0.594695
0.624358
0.629647
0.601248
0.603797
0.614998
0.635953
0.592523
0.597493
0.598021
0.586123
0.633510
0.606969
0.601509
0.581211
0.581789
0.594860
