0.202069
0.192249
0.205003
0.181780
0.190305
0.198178
0.182273
0.191001
0.201372
0.177175
0.194740
0.207803
0.180673
0.186639
0.189054
0.183418
0.185090
0.195918
0.195383
0.177520
0.193897
0.203574
0.198541
0.190113
0.191696
0.188366
0.186898
0.184392
0.186127
0.184978
0.197385
0.203140
0.181575
0.180636
0.189621
0.196224
0.202313
0.185705
0.188634
0.192739
0.187291
0.192061
0.185619
0.184938
0.183172
0.190507
0.183849
0.199381
0.201209
0.201231
0.195452
0.186620
0.203520
0.191883
0.185423
0.184657
0.192033
0.181945
0.179863
0.194651
0.193202
0.200486
0.203141
0.181614
0.187430
0.184165
0.187479
0.183682
0.185016
0.190707
0.183999
0.189610
0.184811
0.193121
0.201818
0.181234
0.191587
0.197011
0.189419
0.198068
0.184010
0.195736
0.190916
0.201848
0.192875
0.199796
0.198768
0.178867
0.192859
0.196378
0.191487
0.200868
0.180040
0.187820
0.189906
0.188551
0.193337
0.192248
0.197129
0.183887
