0.240792
0.237493
0.235259
0.232188
0.229396
0.233345
0.244486
0.249095
0.244440
0.239053
0.237083
0.252466
0.241873
0.246580
0.252297
0.243752
0.263544
0.242537
0.249817
0.241549
0.237284
0.240557
0.245759
0.240753
0.251877
0.249820
0.245675
0.254555
0.244713
0.236937
0.245610
0.242859
0.244657
0.249989
0.235703
0.247015
0.239543
0.252865
0.235041
0.244416
0.245487
0.244632
0.242325
0.273718
0.267325
0.289133
0.237083
0.270012
0.247484
0.237408
0.244961
0.316952
0.254133
0.256419
0.253607
0.312994
0.290677
0.254979
0.258489
0.257003
0.247841
0.254781
0.268329
0.245028
0.241478
0.244406
0.238947
0.243325
0.243961
0.250602
0.263748
0.237280
0.246527
0.258800
0.240964
0.250308
0.241669
0.242913
0.257905
0.292304
0.254447
0.272756
0.257251
0.256148
0.251186
0.261214
0.247590
0.253886
0.251073
0.253682
0.257277
0.247841
0.250148
0.261467
0.243548
0.246102
0.245319
0.247837
0.247398
0.248851
