0.333603
0.317300
0.327451
0.336684
0.326683
0.333119
0.316620
0.323917
0.314246
0.343895
0.319746
0.334502
0.326357
0.318527
0.334489
0.336482
0.333705
0.341954
0.325566
0.326099
0.319455
0.342865
0.324663
0.334136
0.322712
0.316322
0.318963
0.338750
0.317291
0.319797
0.339494
0.330190
0.337978
0.347778
0.329961
0.325970
0.326386
0.320476
0.327964
0.353215
0.335390
0.338344
0.336267
0.328957
0.330497
0.350846
0.329271
0.339955
0.322626
0.367882
0.343263
0.362684
0.336989
0.350849
0.371320
0.340164
0.330772
0.337493
0.342440
0.346267
0.339698
0.338363
0.341460
0.331128
0.331268
0.335997
0.358890
0.335428
0.350084
0.328530
0.339047
0.329546
0.332370
0.333932
0.358205
0.337110
0.331469
0.355449
0.331727
0.350563
0.353865
0.337322
0.322334
0.340168
0.326524
0.333498
0.471078
0.360569
0.343911
0.342430
0.339374
0.347234
0.329220
0.342065
0.340807
0.338533
0.350687
0.339961
0.346919
0.329516
