0.334246
0.341967
0.324116
0.347211
0.325342
0.322667
0.337134
0.331706
0.325129
0.320475
0.335929
0.327538
0.325409
0.331585
0.338079
0.321525
0.336609
0.321637
0.320907
0.323763
0.343149
0.322632
0.316557
0.334141
0.335018
0.329802
0.342511
0.327383
0.326987
0.335212
0.325409
0.330025
0.341195
0.323538
0.319484
0.355858
0.340415
0.335793
0.348856
0.332468
0.338053
0.322288
0.315024
0.349392
0.348947
0.332424
0.328948
0.334923
0.326005
0.339974
0.338350
0.333519
0.340528
0.343583
0.326471
0.335234
0.341764
0.327258
0.347916
0.377804
0.327884
0.417042
0.386760
0.388520
0.453882
0.400837
0.426129
0.442695
0.508664
0.466083
0.487428
0.490892
0.451220
0.472672
0.496157
0.616852
0.473926
0.435097
0.448718
0.444146
0.388321
0.384171
0.370356
0.366204
0.395105
0.415666
0.410688
0.411277
0.486139
0.457800
0.461210
0.479433
0.487599
0.475646
0.580557
0.487432
0.555107
0.519324
0.518381
0.453966
