0.439897
0.371333
0.377099
0.446207
0.385241
0.369650
0.350906
0.355091
0.426683
0.366026
0.373201
0.355254
0.345455
0.346129
0.419515
0.392701
0.364805
0.359434
0.343453
0.366130
0.397969
0.363803
0.329802
0.319920
0.321277
0.349715
0.343869
0.351233
0.335943
0.324721
0.319805
0.344187
0.326057
0.326542
0.328126
0.315346
0.311920
0.337575
0.322422
0.321500
0.317118
0.320316
0.316878
0.350643
0.353717
0.326914
0.309588
0.308342
0.307488
0.326787
0.312484
0.297923
0.300431
0.333474
0.363305
0.345968
0.320329
0.307447
0.294045
0.287488
0.288475
0.292215
0.304663
0.303111
0.292510
0.289598
0.325973
0.314834
0.320749
0.295902
0.289463
0.274823
0.287409
0.275464
0.302547
0.310735
0.289985
0.289682
0.313260
0.313745
0.293335
0.303740
0.291998
0.293349
0.296910
0.284742
0.282412
0.284448
0.294909
0.292669
0.287877
0.298120
0.283340
0.288442
0.282044
0.301432
0.283324
0.284871
0.306777
0.290875
