1.100244
1.093755
1.101518
1.092384
1.125997
1.076118
1.069923
1.093261
1.134217
1.135335
1.086437
1.136577
1.051971
1.086230
1.077576
1.048463
1.069285
1.070886
1.104349
1.099517
1.094200
1.055812
1.074038
1.071083
1.061134
1.117079
1.078294
1.073022
1.055055
1.105074
1.091725
1.124845
1.110883
1.138233
1.154379
1.119130
1.224572
1.143146
1.114261
1.101019
1.058106
1.130229
1.053590
1.045487
1.048295
1.089447
1.064740
1.100364
1.055840
1.086730
1.081986
1.110231
1.049672
1.046407
1.097596
1.046065
1.099529
1.090764
1.122065
1.101784
1.099095
1.087501
1.069884
1.089317
1.085709
1.212394
1.107917
1.135987
1.211959
1.121803
1.149068
1.102923
1.139089
1.087115
1.154487
1.101192
1.146896
1.141237
1.173158
1.130176
1.116247
1.158629
1.132414
1.064110
1.087743
1.117506
1.135867
1.126409
1.083781
1.196828
1.097489
1.080798
1.086756
1.127984
1.091007
1.148836
1.088645
1.077093
1.151251
1.124832
