0.497096
0.530574
0.517852
0.492339
0.485497
0.493663
0.482617
0.494338
0.499180
0.476520
0.482176
0.469178
0.473794
0.494928
0.497421
0.495168
0.502767
0.499664
0.495089
0.504420
0.461325
0.500544
0.485483
0.454516
0.472026
0.519217
0.495175
0.498701
0.461690
0.479834
0.486619
0.484720
0.490453
0.499504
0.463164
0.458768
0.463245
0.471456
0.467455
0.481693
0.459045
0.471012
0.472592
0.473852
0.462821
0.467358
0.452592
0.467624
0.495826
0.456614
0.477611
0.470672
0.459432
0.485014
0.456683
0.475785
0.501160
0.469198
0.478602
0.463643
0.460876
0.482429
0.462201
0.459724
0.468344
0.459457
0.500070
0.466840
0.464921
0.474566
0.477885
0.457131
0.483056
0.522194
0.486019
0.485051
0.493013
0.469289
0.482461
0.487562
0.466021
0.475268
0.484143
0.480057
0.463397
0.477516
0.491737
0.464823
0.467889
0.502117
0.457076
0.455876
0.492864
0.507337
0.465389
0.461683
0.476402
0.471202
0.498673
0.470475
