0.611739
0.596994
0.623202
0.607403
0.687753
0.640647
0.653149
0.622979
0.622009
0.601509
0.683735
0.627598
0.616837
0.630049
0.621597
0.596909
0.598180
0.620653
0.657344
0.608463
0.637058
0.619642
0.620196
0.602790
0.628861
0.629427
0.638681
0.618160
0.618631
0.596573
0.623842
0.613221
0.660390
0.643375
0.609662
0.608209
0.662797
0.614959
0.633463
0.625351
0.633357
0.625521
0.639279
0.695805
0.697580
0.837387
0.817302
0.698877
0.763537
0.795910
0.718048
0.687620
0.661933
0.644106
0.713855
0.632294
0.643373
0.616235
0.627725
0.644222
0.688999
0.704170
0.723369
0.623487
0.651216
0.654585
0.617446
0.617354
0.641076
0.692155
0.643424
0.624711
0.673489
0.635495
0.634864
0.639090
0.616262
0.626186
0.660071
0.659540
0.662985
0.624276
0.625607
0.623209
0.636263
0.620500
0.637033
0.627117
0.626136
0.635194
0.608314
0.616267
0.617217
0.609365
0.622460
0.647020
0.655073
0.660863
0.609975
0.656621
