0.356939
0.349128
0.360841
0.347268
0.384462
0.345923
0.386588
0.429434
0.354119
0.340094
0.364092
0.352961
0.345630
0.347718
0.345786
0.332350
0.366533
0.330665
0.345073
0.362130
0.355637
0.335788
0.361602
0.359082
0.351548
0.352693
0.328457
0.338023
0.365797
0.356062
0.344565
0.344346
0.352816
0.329504
0.334836
0.353430
0.345515
0.338596
0.346692
0.343428
0.330556
0.358477
0.327032
0.364524
0.335589
0.340957
0.335058
0.337083
0.324371
0.355715
0.333937
0.330678
0.325509
0.357079
0.354122
0.330146
0.330357
0.343515
0.329306
0.352209
0.344999
0.355469
0.328792
0.327387
0.370518
0.330293
0.333801
0.335362
0.338707
0.343843
0.351619
0.330706
0.344524
0.323944
0.341599
0.338447
0.337018
0.348551
0.348835
0.347010
0.358961
0.340328
0.345560
0.327073
0.349334
0.356601
0.348673
0.322633
0.349575
0.330468
0.335378
0.327564
0.329194
0.335386
0.339013
0.329280
0.324678
0.337355
0.342335
0.356861
