2.185112
1.707931
1.751387
1.929036
1.831411
1.777798
1.710723
1.685093
2.297235
2.269327
2.133318
1.775847
2.579244
2.104629
1.676838
1.891339
1.916115
1.720481
1.577604
1.581483
1.586313
1.548298
1.624913
1.457344
1.548408
1.398095
1.514127
1.541388
1.477643
1.347616
1.466307
1.320745
1.450976
1.418037
1.487817
1.351667
1.361739
1.365364
1.428948
1.301070
1.370530
1.444187
1.348538
1.342118
1.420807
1.413155
1.347720
1.369748
1.523777
1.325482
1.344619
1.349593
1.441782
1.405229
1.514035
1.541877
1.734848
1.815466
1.818893
1.524485
1.720821
1.542220
1.539719
1.516430
1.750268
1.636034
1.530425
1.505844
1.672549
1.553825
1.536854
1.727159
1.577599
1.616288
1.843963
1.818553
1.811990
1.930003
1.636512
1.766453
1.745945
1.621245
1.949389
1.870117
1.780160
1.833840
1.738209
1.745935
2.261173
1.793695
1.733752
2.065822
1.881367
1.984748
1.715575
1.843796
2.000786
1.812598
1.835001
2.004890
