0.664161
0.661681
0.646609
0.663684
0.682227
0.652188
0.651505
0.662954
0.673972
0.667130
0.666434
0.654905
0.673728
0.646192
0.664789
0.687685
0.694471
0.666012
0.707546
0.648287
0.671763
0.649623
0.675403
0.670525
0.645889
0.692433
0.671582
0.659907
0.647280
0.663657
0.695631
0.647052
0.673348
0.647559
0.699789
0.685875
0.654522
0.668815
0.651946
0.661022
0.660241
0.645868
0.671930
0.658325
0.681863
0.666328
0.634422
0.645475
0.680468
0.643422
0.642457
0.671868
0.651168
0.654114
0.665544
0.669449
0.689147
0.698951
0.654837
0.656653
0.652105
0.655967
0.700419
0.662287
0.724498
0.665863
0.689210
0.648734
0.643251
0.657850
0.683273
0.691592
0.665859
0.692135
0.672575
0.681770
0.677835
0.704848
0.671821
0.677409
0.660163
0.661710
0.669656
0.674537
0.652381
0.665719
0.673670
0.660193
0.675304
0.679132
0.643966
0.684851
0.659358
0.684356
0.665664
0.679857
0.660437
0.673228
0.677468
0.663610
