0.212418
0.210009
0.189351
0.197270
0.202435
0.202256
0.194401
0.206406
0.191922
0.206973
0.200865
0.194674
0.196486
0.195987
0.198653
0.205992
0.209234
0.201187
0.209334
0.206686
0.207163
0.217883
0.208541
0.195098
0.196963
0.207261
0.217930
0.215415
0.214767
0.197119
0.209617
0.203827
0.201108
0.197873
0.201421
0.208221
0.205668
0.189234
0.213920
0.216362
0.191543
0.208655
0.201502
0.212916
0.191387
0.190159
0.202075
0.204638
0.202291
0.197938
0.200532
0.204692
0.204436
0.220251
0.202400
0.206326
0.213784
0.207784
0.223779
0.212118
0.220398
0.214768
0.217737
0.197969
0.207342
0.210240
0.211018
0.209423
0.205400
0.206017
0.231651
0.240259
0.232801
0.261075
0.350220
0.236786
0.266549
0.256279
0.216400
0.220002
0.208204
0.214833
0.223738
0.215257
0.203668
0.213098
0.200784
0.211373
0.204186
0.208169
0.217571
0.221984
0.200805
0.218588
0.210782
0.204200
0.200153
0.204257
0.208408
0.207233
