0.252748
0.258069
0.238975
0.238600
0.246401
0.237214
0.240030
0.240445
0.243821
0.259052
0.239480
0.239680
0.248656
0.261524
0.255002
0.238835
0.261396
0.256269
0.241329
0.292870
0.259940
0.250756
0.257092
0.247753
0.262504
0.242291
0.241391
0.246777
0.235255
0.235679
0.235705
0.245081
0.266889
0.245817
0.240299
0.249308
0.248448
0.238945
0.249169
0.250936
0.261172
0.243785
0.239903
0.242318
0.239426
0.240147
0.241249
0.243727
0.252657
0.245173
0.246760
0.234363
0.249052
0.249753
0.238708
0.237680
0.246112
0.254365
0.235588
0.232922
0.261063
0.243677
0.240477
0.244779
0.259446
0.237314
0.236727
0.238595
0.241484
0.241714
0.236967
0.235547
0.256832
0.239004
0.252474
0.233484
0.246210
0.234188
0.235677
0.238506
0.264237
0.245445
0.243387
0.241053
0.242431
0.234002
0.238518
0.239602
0.264006
0.244181
0.246540
0.236781
0.248395
0.237957
0.240718
0.233013
0.252240
0.246298
0.240093
0.250442
