0.388090
0.395220
0.379681
0.421810
0.384134
0.384697
0.386101
0.396617
0.431874
0.383692
0.397051
0.391264
0.395776
0.411707
0.389856
0.391712
0.390661
0.398017
0.438143
0.384563
0.406215
0.415181
0.385824
0.403481
0.376970
0.385924
0.379640
0.397019
0.385139
0.376742
0.388103
0.362192
0.376780
0.380085
0.393330
0.379134
0.404453
0.376486
0.399368
0.390122
0.378647
0.371589
0.381171
0.373611
0.386119
0.384927
0.372943
0.369621
0.377705
0.395445
0.398448
0.364280
0.384960
0.381427
0.381504
0.444921
0.420957
0.403249
0.395822
0.376733
0.393524
0.378108
0.377337
0.377447
0.382420
0.389685
0.405436
0.384409
0.397585
0.381651
0.400592
0.381412
0.373058
0.371131
0.373300
0.393718
0.401053
0.372451
0.376254
0.372710
0.370160
0.413255
0.372796
0.375254
0.385937
0.381750
0.392001
0.369197
0.382178
0.381723
0.386465
0.387105
0.388247
0.379840
0.433598
0.377795
0.381464
0.381312
0.375615
0.388580
