0.511786
0.633428
0.595443
0.644168
0.657353
0.740947
0.653341
0.589324
0.644417
0.543628
0.511640
0.535867
0.526934
0.520324
0.513576
0.516731
0.545756
0.568803
0.564727
0.536628
0.471832
0.466321
0.451425
0.493296
0.500929
0.486018
0.472807
0.600337
0.577987
0.563945
0.730031
0.658434
0.516350
0.560750
0.544973
0.472553
0.470548
0.468941
0.500384
0.511412
0.544564
0.490233
0.531295
0.507770
0.476081
0.455923
0.505227
0.516161
0.534876
0.465016
0.522821
0.592937
0.618673
0.570259
0.539489
0.523146
0.589021
0.554035
0.556199
0.568042
0.604931
0.558891
0.543634
0.469218
0.472286
0.516144
0.506439
0.583824
0.492625
0.585461
0.596055
0.664452
0.601299
0.610121
0.513120
0.524594
0.526722
0.559667
0.557299
0.479069
0.549997
0.507369
0.576717
0.472616
0.504761
0.489319
0.548644
0.509407
0.628953
0.629569
0.540373
0.568111
0.483046
0.537641
0.660843
0.707221
0.598520
0.471069
0.469773
0.488176
