0.296508
0.306841
0.296200
0.295858
0.297820
0.296086
0.293881
0.298956
0.313013
0.301920
0.300993
0.312807
0.295726
0.297938
0.302011
0.303802
0.304878
0.301789
0.298445
0.308623
0.302677
0.311152
0.298166
0.300243
0.299081
0.307792
0.313327
0.300700
0.305430
0.299377
0.310623
0.314182
0.301417
0.312343
0.312511
0.336829
0.313540
0.307417
0.317733
0.345581
0.339281
0.318783
0.321664
0.307752
0.316949
0.400772
0.331940
0.315027
0.333527
0.306456
0.311152
0.307450
0.311687
0.316791
0.312357
0.324679
0.295759
0.304873
0.312767
0.311759
0.307182
0.311088
0.305525
0.301364
0.317418
0.323855
0.323383
0.308963
0.317818
0.321272
0.304330
0.321251
0.322601
0.312281
0.319183
0.333325
0.319766
0.316653
0.334807
0.305247
0.309600
0.304068
0.312317
0.312567
0.322703
0.329208
0.302712
0.298804
0.299888
0.310774
0.303982
0.313643
0.307046
0.303599
0.308868
0.305617
0.316020
0.325154
0.306474
0.315660
